train_data_size,val_data_size,random_seed,representation,train_acc,val_acc,test_acc,num_epochs,batch_size
0.1,0.1,13,binary,0.6481481194496155,0.42943549156188965,0.5265151262283325,9,16
0.1,0.1,13,n_bins,0.6601851582527161,0.40066224336624146,0.48106059432029724,11,16
0.1,0.1,13,spike_count,0.5638889074325562,0.4458042085170746,0.5719696879386902,11,16
0.1,0.1,13,timesurface,0.6000000238418579,0.43881118297576904,0.5454545617103577,11,16
0.1,0.1,13,time_window,0.6314814686775208,0.4597901999950409,0.5681818127632141,11,16
0.1,0.1,42,binary,0.7314814925193787,0.483146071434021,0.5984848737716675,13,16
0.1,0.1,42,n_bins,0.6888889074325562,0.41721853613853455,0.4848484992980957,11,16
0.1,0.1,42,spike_count,0.6481481194496155,0.4632352888584137,0.5454545617103577,13,16
0.1,0.1,42,timesurface,0.7083333134651184,0.5249999761581421,0.6136363744735718,13,16
0.1,0.1,42,time_window,0.7083333134651184,0.501748263835907,0.6098484992980957,11,16
0.1,0.1,93,binary,0.6168981194496155,0.4254032373428345,0.5189393758773804,9,16
0.1,0.1,93,n_bins,0.6840277910232544,0.4254032373428345,0.46212121844291687,9,16
0.1,0.1,93,spike_count,0.6724537014961243,0.49353447556495667,0.5227272510528564,9,16
0.1,0.1,93,timesurface,0.6018518805503845,0.4784482717514038,0.5113636255264282,9,16
0.1,0.1,93,time_window,0.6678240895271301,0.48275861144065857,0.5303030014038086,9,16
0.2,0.1,13,binary,0.7319444417953491,0.5761589407920837,0.6325757503509521,11,16
0.2,0.1,13,n_bins,0.6472222208976746,0.46357616782188416,0.6325757503509521,11,16
0.2,0.1,13,spike_count,0.7507715821266174,0.6558823585510254,0.7310606241226196,13,16
0.2,0.1,13,timesurface,0.677314817905426,0.6066433787345886,0.6780303120613098,11,16
0.2,0.1,13,time_window,0.758873462677002,0.6602941155433655,0.6515151262283325,13,16
0.2,0.1,42,binary,0.6504629850387573,0.5182119011878967,0.6553030014038086,11,16
0.2,0.1,42,n_bins,0.6701388955116272,0.4959677457809448,0.5946969985961914,9,16
0.2,0.1,42,spike_count,0.7847222089767456,0.6611675024032593,0.685606062412262,15,16
0.2,0.1,42,timesurface,0.7714946866035461,0.663705587387085,0.75,15,16
0.2,0.1,42,time_window,0.8255208134651184,0.7243303656578064,0.7575757503509521,17,16
0.2,0.1,93,binary,0.6678240895271301,0.5665322542190552,0.5871211886405945,9,16
0.2,0.1,93,n_bins,0.7564814686775208,0.5794702172279358,0.5946969985961914,11,16
0.2,0.1,93,spike_count,0.8303571343421936,0.7639594078063965,0.7575757503509521,15,16
0.2,0.1,93,timesurface,0.852314829826355,0.7320144176483154,0.7727272510528564,21,16
0.2,0.1,93,time_window,0.8469328880310059,0.7332589030265808,0.6742424368858337,17,16
0.3,0.1,13,binary,0.7888888716697693,0.5959933400154114,0.6704545617103577,11,16
0.3,0.1,13,n_bins,0.7749999761581421,0.5075125098228455,0.5871211886405945,11,16
0.3,0.1,13,spike_count,0.875,0.7597990036010742,0.7424242496490479,19,16
0.3,0.1,13,timesurface,0.7765432000160217,0.6966490149497986,0.7992424368858337,11,16
0.3,0.1,13,time_window,0.8415637612342834,0.7225519418716431,0.7575757503509521,13,16
0.3,0.1,42,binary,0.7875514626502991,0.5566571950912476,0.7310606241226196,13,16
0.3,0.1,42,n_bins,0.6784979701042175,0.4753246605396271,0.6136363744735718,7,16
0.3,0.1,42,spike_count,0.8492063283920288,0.7541613578796387,0.7575757503509521,15,16
0.3,0.1,42,timesurface,0.813051164150238,0.7170294523239136,0.7916666865348816,15,16
0.3,0.1,42,time_window,0.8199588656425476,0.6943620443344116,0.7803030014038086,13,16
0.3,0.1,93,binary,0.7953703999519348,0.6143572330474854,0.6174242496490479,11,16
0.3,0.1,93,n_bins,0.6620370149612427,0.5532467365264893,0.6439393758773804,7,16
0.3,0.1,93,spike_count,0.7384259104728699,0.6847826242446899,0.7234848737716675,9,16
0.3,0.1,93,timesurface,0.6069958806037903,0.5949008464813232,0.6780303120613098,7,16
0.3,0.1,93,time_window,0.7449845671653748,0.678260862827301,0.7462121248245239,9,16
0.4,0.1,13,binary,0.76450115442276,0.6209677457809448,0.6704545617103577,9,16
0.4,0.1,13,n_bins,0.8517014980316162,0.6811797618865967,0.7159090638160706,13,16
0.4,0.1,13,spike_count,0.7877030372619629,0.7150349617004395,0.7272727489471436,11,16
0.4,0.1,13,timesurface,0.7505800724029541,0.7272727489471436,0.8598484992980957,11,16
0.4,0.1,13,time_window,0.7709977030754089,0.7202796936035156,0.8219696879386902,11,16
0.4,0.1,42,binary,0.8664236068725586,0.742682933807373,0.7992424368858337,15,16
0.4,0.1,42,n_bins,0.8771958947181702,0.7060975432395935,0.7462121248245239,15,16
0.4,0.1,42,spike_count,0.7641144394874573,0.6264045238494873,0.7613636255264282,7,16
0.4,0.1,42,timesurface,0.8423931002616882,0.7690355181694031,0.8181818127632141,15,16
0.4,0.1,42,time_window,0.8016241192817688,0.6896551847457886,0.7537878751754761,9,16
0.4,0.1,93,binary,0.8317865133285522,0.6241722106933594,0.7234848737716675,11,16
0.4,0.1,93,n_bins,0.8438515067100525,0.6821191906929016,0.7310606241226196,11,16
0.4,0.1,93,spike_count,0.8482211828231812,0.7529411911964417,0.7992424368858337,13,16
0.4,0.1,93,timesurface,0.8171693682670593,0.75,0.810606062412262,11,16
0.4,0.1,93,time_window,0.8482211828231812,0.7867646813392639,0.8257575631141663,13,16
0.5,0.1,13,binary,0.8280766606330872,0.6558988690376282,0.6704545617103577,13,16
0.5,0.1,13,n_bins,0.8115027546882629,0.6142383813858032,0.7121211886405945,11,16
0.5,0.1,13,spike_count,0.9096707105636597,0.8761160969734192,0.8409090638160706,17,16
0.5,0.1,13,timesurface,0.8294681310653687,0.770588219165802,0.8219696879386902,13,16
0.5,0.1,13,time_window,0.9029949903488159,0.8185279369354248,0.8484848737716675,15,16
0.5,0.1,42,binary,0.8746355772018433,0.7585365772247314,0.7348484992980957,15,16
0.5,0.1,42,n_bins,0.8872250318527222,0.7597560882568359,0.7689393758773804,15,16
0.5,0.1,42,spike_count,0.8504638075828552,0.8006992936134338,0.814393937587738,11,16
0.5,0.1,42,timesurface,0.8371984958648682,0.779411792755127,0.8333333134651184,13,16
0.5,0.1,42,time_window,0.8389610648155212,0.7674825191497803,0.8257575631141663,11,16
0.5,0.1,93,binary,0.8862974047660828,0.7695121765136719,0.7803030014038086,15,16
0.5,0.1,93,n_bins,0.8174861073493958,0.7197580933570862,0.7424242496490479,9,16
0.5,0.1,93,spike_count,0.8664193153381348,0.7823529243469238,0.8030303120613098,13,16
0.5,0.1,93,timesurface,0.8397031426429749,0.7832167744636536,0.814393937587738,11,16
0.5,0.1,93,time_window,0.8114563822746277,0.7586206793785095,0.8371211886405945,9,16
0.6,0.1,13,binary,0.8829763531684875,0.7773677706718445,0.7651515007019043,15,16
0.6,0.1,13,n_bins,0.8444101214408875,0.7195467352867126,0.5984848737716675,13,16
0.6,0.1,13,spike_count,0.8991498947143555,0.8581081032752991,0.7954545617103577,17,16
0.6,0.1,13,timesurface,0.8362957239151001,0.8249258399009705,0.8598484992980957,13,16
0.6,0.1,13,time_window,0.8795723915100098,0.857566773891449,0.8674242496490479,13,16
0.6,0.1,42,binary,0.8732612133026123,0.7111853361129761,0.8030303120613098,11,16
0.6,0.1,42,n_bins,0.8809891939163208,0.6883852481842041,0.7651515007019043,13,16
0.6,0.1,42,spike_count,0.9038419127464294,0.8425096273422241,0.8181818127632141,15,16
0.6,0.1,42,timesurface,0.8397217988967896,0.791887104511261,0.8560606241226196,11,16
0.6,0.1,42,time_window,0.9198008179664612,0.843216061592102,0.8598484992980957,19,16
0.6,0.1,93,binary,0.9081336855888367,0.791304349899292,0.7651515007019043,17,16
0.6,0.1,93,n_bins,0.8950283527374268,0.7832860946655273,0.810606062412262,13,16
0.6,0.1,93,spike_count,0.8350077271461487,0.8304347991943359,0.8522727489471436,9,16
0.6,0.1,93,timesurface,0.8919371366500854,0.8679525256156921,0.8674242496490479,13,16
0.6,0.1,93,time_window,0.8674651980400085,0.834782600402832,0.8712121248245239,9,16
0.7,0.1,13,binary,0.9082986116409302,0.8048780560493469,0.7840909361839294,15,16
0.7,0.1,13,n_bins,0.8793103694915771,0.7682119011878967,0.814393937587738,11,16
0.7,0.1,13,spike_count,0.8826259970664978,0.8496503233909607,0.8787878751754761,11,16
0.7,0.1,13,timesurface,0.8348806500434875,0.8103448152542114,0.875,9,16
0.7,0.1,13,time_window,0.9047303199768066,0.8485293984413147,0.9015151262283325,13,16
0.7,0.1,42,binary,0.8414013981819153,0.7485954761505127,0.7878788113594055,13,16
0.7,0.1,42,n_bins,0.8921308517456055,0.7191011309623718,0.7613636255264282,13,16
0.7,0.1,42,spike_count,0.837533175945282,0.7931034564971924,0.8371211886405945,9,16
0.7,0.1,42,timesurface,0.8309018611907959,0.7844827771186829,0.8598484992980957,9,16
0.7,0.1,42,time_window,0.9071618318557739,0.8388324975967407,0.8863636255264282,15,16
0.7,0.1,93,binary,0.8976569175720215,0.7289325594902039,0.7992424368858337,13,16
0.7,0.1,93,n_bins,0.9085986018180847,0.7528089880943298,0.7840909361839294,13,16
0.7,0.1,93,spike_count,0.8807692527770996,0.8461538553237915,0.8863636255264282,11,16
0.7,0.1,93,timesurface,0.8806366324424744,0.8470588326454163,0.8522727489471436,13,16
0.7,0.1,93,time_window,0.8940097093582153,0.8573529124259949,0.8409090638160706,13,16
0.8,0.1,13,binary,0.9067091941833496,0.8103932738304138,0.7992424368858337,13,16
0.8,0.1,13,n_bins,0.8908545970916748,0.8019663095474243,0.8863636255264282,13,16
0.8,0.1,13,spike_count,0.9383862018585205,0.8984063863754272,0.8333333134651184,19,16
0.8,0.1,13,timesurface,0.8483178615570068,0.8211206793785095,0.8409090638160706,9,16
0.8,0.1,13,time_window,0.8936194777488708,0.8531468510627747,0.8901515007019043,11,16
0.8,0.1,42,binary,0.8458526730537415,0.725806474685669,0.8181818127632141,9,16
0.8,0.1,42,n_bins,0.8234725594520569,0.6443299055099487,0.8068181872367859,7,16
0.8,0.1,42,spike_count,0.9229366779327393,0.8883248567581177,0.8712121248245239,15,16
0.8,0.1,42,timesurface,0.8984090089797974,0.8451776504516602,0.8825757503509521,15,16
0.8,0.1,42,time_window,0.9140564799308777,0.8735294342041016,0.875,13,16
0.8,0.1,93,binary,0.8577726483345032,0.7715231776237488,0.7727272510528564,11,16
0.8,0.1,93,n_bins,0.917826771736145,0.7991573214530945,0.8030303120613098,13,16
0.8,0.1,93,spike_count,0.8459010124206543,0.8455055952072144,0.8674242496490479,7,16
0.8,0.1,93,timesurface,0.9081040620803833,0.8946700692176819,0.8295454382896423,15,16
0.8,0.1,93,time_window,0.9027455449104309,0.8941176533699036,0.8863636255264282,13,16
0.9,0.1,13,binary,0.8854638934135437,0.7479131817817688,0.8409090638160706,11,16
0.9,0.1,13,n_bins,0.8854811191558838,0.7691218256950378,0.814393937587738,13,16
0.9,0.1,13,spike_count,0.8844072222709656,0.8500000238418579,0.8787878751754761,9,16
0.9,0.1,13,timesurface,0.9175257682800293,0.8591549396514893,0.9053030014038086,15,16
0.9,0.1,13,time_window,0.8581185340881348,0.8282608985900879,0.9015151262283325,9,16
0.9,0.1,42,binary,0.8360824584960938,0.7601625919342041,0.8484848737716675,9,16
0.9,0.1,42,n_bins,0.8821649551391602,0.7712854743003845,0.8295454382896423,11,16
0.9,0.1,42,spike_count,0.8765463829040527,0.8478260636329651,0.8560606241226196,9,16
0.9,0.1,42,timesurface,0.8899999856948853,0.8624338507652283,0.875,11,16
0.9,0.1,42,time_window,0.9326951503753662,0.8962867856025696,0.8977272510528564,15,16
0.9,0.1,93,binary,0.9178939461708069,0.768757700920105,0.7916666865348816,15,16
0.9,0.1,93,n_bins,0.8827319741249084,0.7215447425842285,0.75,9,16
0.9,0.1,93,spike_count,0.8679123520851135,0.8065217137336731,0.8409090638160706,9,16
0.9,0.1,93,timesurface,0.8512886762619019,0.7956521511077881,0.8522727489471436,9,16
0.9,0.1,93,time_window,0.8626288771629333,0.841304361820221,0.9053030014038086,9,16
